ID: 0x230946a798c464e4
IS_DEFAULT: false

ACC_BIAS: [0.469486366746347, -0.6252698368735132, -0.8484579821209349]
ACC_HIGH_G_BIAS: [0.5643919179875336, 0.05498008848916671, -0.2701570805806084]
GYRO_BIAS: [-0.0012960966939673476, 0.007298511581535896, 0.007500362673612392]

